103120131134129117103 91 83 83 91106126145159163157141117 90 67 52 48 5523 1 1NH 251134145616399999999999999 832 822151 4899999999999999
 71 92113128136135126114101 93 91 98113132150162165157137109 80 54 38 3423 1 2NH 421136154616699999999999999 940 912246 3499999999999999
 43 63 88113133143143134120106 96 94101116136154166167155131 99 67 39 2423 1 3NH 5301441635168999999999999991046 932333 2299999999999999
 23 37 62 92121142152150138121105 94 93102120142161171169151122 86 51 2423 1 4NH 6191521719172999999999999991137 92999999999999999999999
 12 17 37 68102132152159152136116 99 90 92105127150169176167144109 69 3423 1 5NH 659159175917699999999999999 014 121219 8999999999999999
 11  4 16 44 80116145161162149129107 91 85 93112137161177178163132 92 5223 1 6NH 733163183617999999999999999 050  41255 8599999999999999
 19  1  3 23 57 96132156165159141117 96 84 84 98121148171182176153117 7423 1 7NH 8 4165191118299999999999999 125  01328 8299999999999999
 35  7 -2  8 36 74114146163164151128104 86 79 87106133160179183169139 9923 1 8NH 833166194418399999999999999 158 -21359 7999999999999999
 57 22  2  2 21 55 94131156166158139114 92 79 79 9311614416818117715712223 1 9NH 9 2166201818299999999999999 231  01430 7799999999999999
 81 42 14  4 13 39 76114146163163149126101 83 75 8210012615317217816714123 110NH 931165205217899999999999999 3 2  415 3 7599999999999999
104 66 33 14 13 30 61 98132156164157138114 91 77 75 8610813315616916815223 111NH10 1164212717199999999999999 333 111538 7599999999999999
124 89 55 31 21 28 50 83117145161162149127103 84 75 77 9111213515316115623 112NH103216322 616199999999999999 4 5 211618 7499999999999999
137109 79 52 36 34 47 71103132153162157140118 96 79 73 78 9211213114615023 113NH11 6162225215099999999999999 438 3317 4 7399999999999999
142125101 76 56 47 50 66 90118142157160151133111 90 76 70 75 8810512313523 114NH1144160235313899999999999999 515 4618 1 7099999999999999
138132118100 81 67 62 67 82104127146157157146128106 86 71 65 68 78 9411023 115NH1229158999999999999999999999 6 0 621911 6599999999999999
123130128120106 92 81 77 81 94112132148157156145126103 81 64 54 54 63 7923 116NH 118130132415899999999999999 7 1 772030 5399999999999999
 97114126131128118106 95 89 90 99115133149159158147127102 75 53 39 36 4523 117NH 3 5131142816099999999999999 822 892146 3699999999999999
 63 86109128139141133120106 96 93100115134152164165154131100 68 39 21 1623 118NH 438141153516699999999999999 948 932250 1699999999999999
 26 48 78110136152156147130111 96 91 97114136159174176162134 97 57 23  123 119NH 5451561638177999999999999991059 912346 -599999999999999
 -4  9 38 77116148166169156134109 91 84 92113141168186188171137 92 46  623 120NH 6381701736189999999999999991157 84999999999999999999999
-17-20 -1 35 81126161179177158130102 82 76 89115149180198198176136 85 3323 121NH 724180182920199999999999999 037-221248 7699999999999999
 -8-30-28 -2 41 92140174187179154121 90 71 69 87119157190207203176130 7523 122NH 8 7187191920899999999999999 125-321335 6799999999999999
 23-17-34-26  7 55108154183190175144108 77 61 64 8712316319521020116912123 123NH 84719020 821099999999999999 211-341420 5999999999999999
 66 16-18-28-13 25 75126167188187165130 94 65 53 62 8912716619520419115723 124NH 926190205520499999999999999 254-2815 6 5399999999999999
109 58 15-10-12 10 50 98143175187178151116 81 57 50 62 9112816318619117423 125NH10 3187214319299999999999999 335-141551 4999999999999999
141 98 55 22  7 13 38 77120157178181166137102 71 52 50 64 9212515417117123 126NH1039183223117399999999999999 413  71639 4999999999999999
155125 90 58 36 30 42 68102137163175171153124 93 67 52 52 66 9011714015223 127NH1115176232415399999999999999 450 301730 5099999999999999
150137114 89 67 55 56 70 93121146163168160141115 88 66 54 54 65 8410512323 128NH1153168999999999999999999999 526 541830 5399999999999999
132132124109 94 82 76 80 92110130147158159150132110 87 68 56 54 61 75 9123 129NH 030133123715999999999999999 6 6 761943 5499999999999999
106117121119112104 98 95 97105117131143150151144129109 88 69 55 50 53 6423 130NH 2 8121133615299999999999999 7 3 9521 7 5099999999999999
 79 94108118122121117112107106109116126137145148143130111 89 67 50 42 4323 131NH 418122145414899999999999999 8511062223 4199999999999999
 53 70 90109123131133128120111106105110121133144150146133112 86 60 40 3023 2 1NH 54013316 91509999999999999910361042320 2999999999999999
 32 45 67 93117135143142133120107 98 97105119136150157152135109 78 48 2723 2 2NH 62314417 7157999999999999991137 97999999999999999999999
 18 25 44 73104131148153146131112 97 89 91103123144160165156133100 64 3323 2 3NH 654153175316599999999999999 0 4 181218 8899999999999999
 13 10 24 51 86120146159157143121100 84 80 88108133157172172156125 86 4723 2 4NH 722160183117499999999999999 041  91251 8099999999999999
 17  3  8 31 66105139160165154132106 84 73 75 92118148171181173148110 6723 2 5NH 74716519 618199999999999999 114  21320 7299999999999999
 29  5  0 15 47 88127156169164144116 89 70 66 77101132162182184167134 9123 2 6NH 812169193818599999999999999 145 -11348 6599999999999999
 48 15  0  5 31 70112148169171155128 98 73 60 64 8311414717418618015411523 2 7NH 836172201018799999999999999 214 -11417 5999999999999999
 71 32  8  4 21 55 97137165175166141110 80 59 55 67 9312715817918316813623 2 8NH 9 0175204218499999999999999 241  31447 5499999999999999
 95 54 23 10 17 44 82124157175173154124 91 64 51 54 7410413716417817315123 2 9NH 925176211617899999999999999 3 9 101518 5099999999999999
117 78 44 23 21 38 71110146170176164138106 75 54 48 58 8111214216316915823 210NH 950176215216999999999999999 336 201552 4799999999999999
133101 68 43 33 40 63 97132160174170151121 90 63 48 48 62 8711614015515623 211NH1017174223315799999999999999 4 5 331630 4699999999999999
143119 91 66 51 50 63 88118146165170159137107 78 57 47 50 65 8811213214323 212NH1048170232414499999999999999 436 481715 4699999999999999
142130111 91 74 66 70 84106131152163162148126 99 74 55 47 50 63 8210211923 213NH1124164999999999999999999999 512 661813 4799999999999999
129130124112 99 89 85 89100117135150157154142122 98 75 57 47 46 54 68 8623 214NH 040131121415799999999999999 6 2 851936 4699999999999999
103117124126121114106102102107118132144151151142126104 80 59 44 36 39 5023 215NH 243126133015299999999999999 7301012115 3699999999999999
 68 90110126135137131122112106105112124138150155151137115 87 59 35 21 1923 216NH 43913715 715599999999999999 9331052238 1899999999999999
 30 53 82111136151153146130113100 95101115135155167166152126 90 53 22  323 217NH 5451541630168999999999999991059 952340 -199999999999999
  0 15 44 82121151168168154130105 87 80 89110138165182184167133 89 44  723 218NH 6301701734185999999999999991156 80999999999999999999999
-14-14  7 46 93137169183176153121 89 69 65 79109146179199198175134 83 3223 219NH 7 9183182820199999999999999 030-171243 6499999999999999
 -7-25-18 12 59111157185191175143104 70 50 52 75113156192210204175128 7223 220NH 745192191721199999999999999 115-261326 4899999999999999
 21-14-25-10 29 81134176196192165125 83 50 36 45 7511916519921320116611523 221NH 81919820 321399999999999999 155-2514 7 3599999999999999
 61 15-12-13 11 55108157190199183149104 62 34 27 44 8012617019920518815023 222NH 852199204620699999999999999 233-161447 2799999999999999
101 53 16  1 10 41 87135174195192167128 84 46 25 26 49 8713116818918916823 223NH 923197212919299999999999999 3 8  01527 2399999999999999
131 88 50 26 23 40 74116156183191178147107 67 37 24 32 57 9313116017316823 224NH 952191221217399999999999999 341 2116 8 2499999999999999
146114 82 56 44 50 72104138167181178159127 91 58 36 31 41 65 9612514615323 225NH1021182225815399999999999999 410 441650 3099999999999999
145127104 82 69 67 78 99125149166171162141112 82 57 42 40 51 71 9411512923 226NH1050171235313399999999999999 438 661738 3999999999999999
133127116102 90 86 89100116134149157156145127104 81 62 51 50 57 71 8710223 227NH1122158999999999999999999999 5 6 861840 4999999999999999
113118117113108104103106113123133141144142134121104 86 71 60 55 57 65 7723 228NH 124118121014499999999999999 5401032011 5599999999999999
 89101111116119119117116115116119124129133134131123110 94 77 63 53 51 5523 3 1NH 425119135313499999999999999 8 01152152 5199999999999999
 66 81 98113124130131127121114109108112119128135137132119100 79 59 45 4023 3 2NH 538131154913799999999999999104310823 0 4099999999999999
 45 59 80103123137143140130117104 97 96103116131143148142125101 73 48 3223 3 3NH 6 81431657148999999999999991136 952346 2899999999999999
 29 39 60 88116139152152142124105 90 83 87101122142157160149125 93 60 3323 3 4NH 63215317441619999999999999912 9 83999999999999999999999
 20 22 40 70104135156162154135110 87 73 72 84107135158171169150117 79 4323 3 5NH 655162182117299999999999999 022 181236 7199999999999999
 19 12 24 52 89127155169166147119 90 68 60 67 89120152175182170142102 6023 3 6NH 717170185418299999999999999 052 1113 3 6099999999999999
 27  9 13 36 73115151172175160131 98 68 51 52 70101137169186185164127 8323 3 7NH 739176192618899999999999999 121  81329 4999999999999999
 42 15  9 24 58101142171182172145109 74 48 40 51 7811615418119117914910723 3 8NH 8 0182195819199999999999999 148  81357 4099999999999999
 64 29 13 19 46 87130166185182159124 84 51 33 35 56 9213216718718716613023 3 9NH 823186203018999999999999999 214 131425 3299999999999999
 88 50 25 21 39 74117156182187172140 99 61 34 26 38 6710514417318417514923 310NH 84618821 418499999999999999 241 201455 2699999999999999
112 73 44 31 39 65103143174187180154117 76 43 25 26 45 7811615017117415923 311NH 910188214017599999999999999 3 7 311527 2399999999999999
131 97 67 48 47 63 93128161181182165134 95 59 33 23 31 55 8712114816215923 312NH 936184222116399999999999999 335 4516 2 2399999999999999
143118 91 70 62 68 87116145168177170148116 81 51 32 28 39 62 9011813814723 313NH10 5178231214799999999999999 4 6 611644 2799999999999999
144130112 94 82 80 89107130151165167156134105 76 52 38 35 45 63 8510712323 314NH1039168999999999999999999999 441 791740 3599999999999999
132132125115105 98 98105118133147156155146128105 81 60 47 41 45 56 73 9123 315NH 031133112815799999999999999 530 9819 5 4199999999999999
108120128129126121115112113118127136144147143132115 94 73 55 42 38 43 5623 316NH 247129125814799999999999999 7201122059 3899999999999999
 75 96117133141142136126116109107112123135145150146132110 84 58 37 25 2623 317NH 43614315 215099999999999999 9431072226 2499999999999999
 39 63 93123146158158147128109 94 89 95111132152164164150124 90 55 26 1023 318NH 5291601630166999999999999991058 892326  899999999999999
 11 30 62101138165175169148120 92 73 68 80105136165182183165131 89 46 1323 319NH 6 71751732185999999999999991148 68999999999999999999999
 -2  4 31 73119159183187171139102 69 49 50 70105146180199196172130 81 3623 320NH 641189182320099999999999999 013 -31229 4799999999999999
  4 -6  9 45 94143180198191163121 78 44 29 37 67111157193208200169122 7123 321NH 71319819 920999999999999999 054 -613 9 2899999999999999
 27  2  2 26 70121167197203183145 97 52 22 15 33 7212116719920919315710923 322NH 743204195220999999999999999 131 -11347 1499999999999999
 61 25 10 21 53100149187204197167121 71 30  8 11 37 8113017319819917814023 323NH 813205203420299999999999999 2 6 101424  699999999999999
 96 56 31 28 48 85130170197201182144 96 50 17  5 16 48 9213717218818215823 324NH 841202211418899999999999999 238 2715 1  599999999999999
123 86 57 45 53 78115153182195187160119 74 36 13 10 28 6210213916417216223 325NH 9 7195215517299999999999999 3 7 451537  999999999999999
138109 82 66 65 79105137165182183167137 98 61 32 19 23 43 7410713515115323 326NH 933185223715499999999999999 335 641615 1899999999999999
142123102 86 80 86102125148166173166146117 85 57 37 31 39 57 8210712613623 327NH10 0173232713799999999999999 4 1 801657 3199999999999999
136127115103 96 96104118134149157157147129106 82 62 49 46 52 66 8410111523 328NH1028158999999999999999999999 427 951749 4599999999999999
122124121115110109110116124133140143141133120104 87 72 61 57 59 67 79 9223 329NH 04612411 714399999999999999 5 11091910 5799999999999999
104114120123123121120118118120123126129130127121111 97 83 71 62 59 62 7123 330NH 330123124913099999999999999 7311182059 5999999999999999
 84 99113125132134131126118112109109113120127131129122108 91 73 59 52 5423 331NH 45613415181319999999999999910251082220 5299999999999999
 64 81102121137144144136123110 99 93 96105119133142142133115 92 68 50 4223 4 1NH 5271451634143999999999999991111 932310 4299999999999999
 46 62 86113137152156149133112 93 81 79 88105127146157155140115 84 57 3923 4 2NH 5511561722157999999999999991142 782347 3499999999999999
 34 45 69101132156166162145120 93 73 64 69 87114142163171162139106 72 4323 4 3NH 61316718 01719999999999999912 9 63999999999999999999999
 29 33 53 86123155173174159131 99 70 52 50 66 94129159178180163131 93 5723 4 4NH 635176183518199999999999999 018 281236 4999999999999999
 32 26 41 72111149175184173146109 73 46 35 44 71108146176189181155117 7723 4 5NH 65618419 818999999999999999 047 2613 3 3599999999999999
 44 28 33 59 97139173190186162124 82 46 25 25 46 8212416318719217514210123 4 6NH 718191194219399999999999999 115 271331 2299999999999999
 63 38 33 50 84126165190194177141 97 54 24 12 24 54 9714017419118716212623 4 7NH 742195201719299999999999999 143 3214 0 1299999999999999
 87 56 41 47 73112152183197188159116 70 32  9  9 30 6711115117918717514723 4 8NH 8 7197205418799999999999999 212 411432  699999999999999
112 78 56 53 68 99137171192193173137 92 49 18  5 13 41 8012115517517616023 4 9NH 833195213317899999999999999 242 5215 6  599999999999999
133102 77 65 70 91122155180190181155116 74 37 14 10 23 52 8912415216516223 410NH 9 3190221916599999999999999 313 651544  999999999999999
146123100 84 80 90111138163179181166137101 65 36 20 20 35 60 9112014115123 411NH 936182231715199999999999999 347 801630 1899999999999999
148137121106 96 97106123143161170167152126 96 67 44 32 31 43 63 8711012823 412NH1016170999999999999999999999 429 951730 3099999999999999
138140135126117110110115126139150156154143125102 78 58 45 40 45 58 77 9823 413NH 044140111615799999999999999 5371091858 4099999999999999
117131140141137129121115114117125135143147144133115 94 73 55 44 41 49 6623 414NH 24314213 314799999999999999 7481132043 4199999999999999
 88112133148154150139124110101100107120135147152148133110 84 59 41 34 4023 415NH 4 515415 315299999999999999 93810022 4 3499999999999999
 58 86117145163168160141118 95 81 79 89109133155167165149122 90 58 35 2723 416NH 4531681624168999999999999991042 7823 1 2799999999999999
 35 59 94131162180180163134101 73 57 57 75104138167182180160127 89 53 2923 417NH 5301821723183999999999999991128 552347 2399999999999999
 24 38 70111152182193184156117 78 47 33 41 68107148180195189163125 83 4723 418NH 6 319318131959999999999999912 9 33999999999999999999999
 28 29 52 90135174198199178140 94 51 23 16 33 69115159190201189158117 7623 419NH 634201185820199999999999999 027 251247 1699999999999999
 45 33 43 73116159192206195163117 68 27  5  8 34 7712616819419918114710723 420NH 7 4206194120099999999999999 1 3 331324  399999999999999
 70 48 46 64100142179202203182141 91 44 10 -2 10 43 8913617319218916713323 421NH 733206202219399999999999999 137 4414 0 -299999999999999
 97 69 57 64 89125163191202192161116 68 27  3  0 21 5810214417318317415123 422NH 8 120221 118399999999999999 2 8 571436 -299999999999999
120 92 73 71 86113146175193192173137 94 51 19  5 12 37 7311314716717015823 423NH 829195214017199999999999999 238 701511  599999999999999
135110 91 82 88106131158178185176152116 77 43 21 16 28 54 8712014515715523 424NH 857185222215899999999999999 3 7 821548 1599999999999999
142124106 95 94103121142161172172158132101 69 44 30 31 45 68 9612113814523 425NH 92617423 914599999999999999 336 931627 2999999999999999
142132119108103106115129144156161155141119 94 70 52 44 46 59 78 9911813023 426NH 959161999999999999999999999 4101031716 4399999999999999
136134128120114112114121130139145147141130114 95 77 63 57 58 67 81 9711223 427NH 015136104414799999999999999 5 01121821 5699999999999999
124131133131126122118117119123128132135133127116102 87 74 66 64 68 79 9423 428NH 155133121013599999999999999 6581171949 6499999999999999
109123134139139134127119113109110115121128132131125112 97 81 69 63 66 7623 429NH 328139142213399999999999999 9181092113 6399999999999999
 92111129143149147139126112101 95 96104116129139141136122102 82 67 59 6223 430NH 4181491550142999999999999991021 942213 5999999999999999
 76 97121142156160153137117 97 83 78 83 98118137151154145127102 78 60 5423 5 1NH 4511601647154999999999999991059 782257 5499999999999999
 62 81109137159170167152127 99 76 62 62 75 99127151165165151126 97 70 5423 5 2NH 5181711731167999999999999991131 602334 5199999999999999
 53 68 95128157177180167141108 75 52 43 51 75108141167178173151120 88 6223 5 3NH 54318118101799999999999999912 1 43999999999999999999999
 51 58 81115150178189182158122 82 48 29 29 48 81121157181187174146111 7823 5 4NH 6 8190184818799999999999999 0 8 511231 2699999999999999
 57 54 70101139173193195176140 97 54 24 12 22 51 9213617119018916913710123 5 5NH 635197192719299999999999999 040 5313 3 1299999999999999
 72 58 64 88124161190202192162118 71 30  6  3 23 6010514918019318516012623 5 6NH 7 320220 619399999999999999 113 581337  199999999999999
 93 71 65 79109146179200201181143 95 48 13 -3  3 30 7111715718218817614923 5 7NH 733203204818999999999999999 147 651413 -499999999999999
117 90 75 78 97128162190202193165123 76 34  5 -3 10 41 8212415917817916423 5 8NH 8 6202213418199999999999999 222 741453 -399999999999999
140113 92 84 92114143172192196181150108 65 29  8  5 21 51 8912715516916823 5 9NH 843196222617199999999999999 3 0 841538  499999999999999
155134113 99 96105125150173186185168138100 63 33 17 17 32 59 9212414716023 510NH 926187232916199999999999999 344 951630 1599999999999999
159149133118107105113129148165175172157131100 69 45 31 30 42 64 9111814023 511NH1018175999999999999999999999 4411051734 2999999999999999
153156149138125114110114124138152161161151132108 82 59 45 41 48 65 8911423 512NH 047156113116299999999999999 6 41101851 4199999999999999
136152158155144130117108105111123137149155152139120 96 74 56 48 51 65 8823 513NH 2 9158131015599999999999999 7461052014 4899999999999999
114139157166163150132112 97 90 93105123141154158151133110 85 64 52 53 6723 514NH 315166145015899999999999999 911 892127 5199999999999999
 91120148168176170152126100 79 69 73 89114139159167162145119 91 68 54 5623 515NH 4 417616 9168999999999999991013 692226 5399999999999999
 72 99132162182186174147114 81 57 48 55 78110142167178172153124 93 69 5723 516NH 44518717101789999999999999911 2 482314 5699999999999999
 61 82114149178194191170135 95 58 35 29 44 75113150176186177154123 92 6923 517NH 52119518 2186999999999999991145 292356 6299999999999999
 62 72 98133167192201188158116 72 36 16 18 41 78121159183189177151118 8923 518NH 5552011849190999999999999991225 14999999999999999999999
 71 70 86116152183201200178140 94 50 18  6 16 46 8813216718718817114311223 519NH 627203193219099999999999999 035 6813 3  599999999999999
 87 76 82103135168193203192162119 72 32  7  3 22 5710114217318618116113323 520NH 659203201218699999999999999 110 761339  299999999999999
106 87 84 96121152180197197178143 98 54 21  5 10 34 7211415117418017014823 521NH 730200205118099999999999999 144 831415  499999999999999
123101 90 94110136164186194186161123 81 42 17 10 22 51 8812615517117115723 522NH 8 2194212917399999999999999 217 901452 1099999999999999
136115100 96104123147170185186171143106 68 38 21 21 38 6710213415616516023 523NH 83418722 816599999999999999 249 961529 1999999999999999
146127111102103114132153170178174156128 94 63 40 30 36 55 8211213815315723 524NH 9 9179225115899999999999999 32410116 8 3099999999999999
151138123111106110121137153165168160142117 88 64 47 43 51 69 9411913915023 525NH 948169234115299999999999999 4 41061652 4399999999999999
152145134122114111114123136148156157149133111 89 69 57 55 63 8010112213923 526NH1035158999999999999999999999 4571111742 5599999999999999
148149144135125116113114120130139146147141129112 93 77 67 65 72 8710512423 527NH 041150114114799999999999999 6141131843 6599999999999999
140149152147138127117110108112119129137141139131117101 86 75 72 78 9110923 528NH 148152131414199999999999999 7491081952 7299999999999999
129145155157152140126111101 96 99108120132141143138125109 92 80 75 81 9523 529NH 247158144714499999999999999 9 7 962058 7599999999999999
115136154164165156139119 99 85 80 85 98116134147152147133114 95 81 77 8323 530NH 33316616 01529999999999999910 2 802154 7699999999999999
100124148167175171155131104 80 65 62 72 92117141158164157140117 95 80 7723 531NH 4111751657164999999999999991044 622243 7799999999999999
 88110137163180184173148116 84 57 44 46 63 92124153171175164142116 92 7923 6 1NH 4451841745175999999999999991122 432326 7899999999999999
 80 96123154179192189169136 97 60 34 25 34 60 97135166183183167141112 9023 6 2NH 51919318301859999999999999912 0 25999999999999999999999
 80 86108139171194201189160119 74 37 14 11 28 6210514617719118616613710823 6 3NH 554201191519299999999999999 0 7 791239  999999999999999
 88 83 95122155186204205184147100 54 18  0  4 29 6911415618419418516113123 6 4NH 63120720 019499999999999999 047 821319 -199999999999999
104 88 89106136170197210203176133 84 39  6 -6  4 34 7712316318719218015523 6 5NH 710210204719399999999999999 128 8614 3 -699999999999999
126102 91 97117148179203210197166121 73 30  3 -4 10 43 8613016518518717323 6 6NH 753210213618999999999999999 211 911449 -599999999999999
149122103 96104126155184202205189156112 67 29  7  4 21 53 9413416518118123 6 7NH 839206222818399999999999999 258 961538  399999999999999
166144121104100109130156181196196179148108 68 35 17 17 34 6510213716417723 6 8NH 930198232317899999999999999 3501001631 1599999999999999
176162141121106102110128151173186185170143108 74 46 32 32 48 7610914016323 6 9NH1028187999999999999999999999 4501021727 3099999999999999
175173160141121106100106121141160173174163141113 84 61 48 48 62 8611514323 610NH 021175113717599999999999999 6 11001828 4699999999999999
165175173160141120103 94 96108127146160165159143121 96 76 64 63 74 9612223 611NH 121176125916599999999999999 718 931933 6299999999999999
148168178175161140116 95 83 82 93111132150160160149130109 89 77 75 8510523 612NH 217179142716199999999999999 834 812039 7599999999999999
130155175183178161136108 83 68 66 77 97122145160163156140119100 87 84 9423 613NH 3 9183155016499999999999999 940 652143 8499999999999999
114139164182188180158128 96 68 52 50 64 88118145163170163147126106 93 9123 614NH 3561881659170999999999999991036 492240 9099999999999999
102123149174190192179152116 80 51 36 38 56 86120150170176169151128108 9623 615NH 4391931756176999999999999991124 352330 9599999999999999
 96109133160183196193173140101 63 36 24 31 55 9012715817718117015012610723 616NH 52019618441819999999999999912 7 24999999999999999999999
 98101118143170191199189164126 84 47 23 18 31 61 9913716718218116714412123 617NH 558199192718499999999999999 014 971247 1799999999999999
104 99108128155180196198182150109 67 34 16 17 38 7211214917418417815913623 618NH 63519920 518499999999999999 053 991325 1499999999999999
114102102115138165188199193171135 93 53 25 15 24 50 8812715917918117014923 619NH 712199204118299999999999999 12910014 2 1599999999999999
126108101107124149174193197185157119 78 43 22 20 36 6610414116717917516023 620NH 747197211517999999999999999 2 41011438 1899999999999999
138117104102113133158181193191173142104 66 38 25 30 52 8412115217117616723 621NH 823194214917699999999999999 2381021513 2599999999999999
149128111103106120141165182189182160128 92 60 39 33 45 6910213516017217123 622NH 859189222417399999999999999 3131021549 3399999999999999
159140121107103110126147167180181170146115 84 58 44 46 61 8711814616517123 623NH 93818223 117199999999999999 3521031626 4399999999999999
166151133117106105113129147164173171157135107 81 62 54 60 7810413115416723 624NH1020173234217099999999999999 43710417 4 5499999999999999
170162146129114106105114128144157163160147128105 84 70 67 75 9311714115923 625NH1111163999999999999999999999 5311041747 6799999999999999
169169159143126112103102109122136148154152142126107 91 81 79 8810512714823 626NH 027170121715499999999999999 6351021837 7999999999999999
164171169158141123107 97 95100112126140148149143130115100 91 90 9811413423 627NH 116171134015099999999999999 747 941937 8999999999999999
154168175171158139117 98 86 82 87100117134147152149139124110100 9810512023 628NH 2 717515 815399999999999999 855 822045 9799999999999999
140160175180174157134108 85 70 65 72 8911113415116116014913411710510210923 629NH 258180162416299999999999999 954 65215010299999999999999
125147168183186177156127 95 68 51 47 58 8010913716017217115914012110710323 630NH 3471871726173999999999999991046 47224910399999999999999
112131155178193194180152117 80 49 31 30 46 7511014517118418116614312110623 7 1NH 4351951819184999999999999991134 28234110399999999999999
103115137165189203201181147105 64 31 14 16 38 7411615418219318716814211823 7 2NH 52320419 8194999999999999991222 12999999999999999999999
103103118145175201213207181141 94 49 15  1  8 36 7812416419119918916613723 7 3NH 611213195620099999999999999 0311011310  199999999999999
113100103122152185210220209179134 83 37  5 -5  8 40 8613417419820118716023 7 4NH 7 0220204220299999999999999 118 991357 -599999999999999
130107 96103126159192216223208174126 75 31  3 -3 14 50 9814518120120018123 7 5NH 749223212720399999999999999 2 6 961445 -499999999999999
153123101 94104129163196217220202166119 70 30  7  7 28 6611215618720119523 7 6NH 839221221120199999999999999 255 931532  499999999999999
173144115 96 91104130163193212212193157113 70 36 20 24 47 8512716519019823 7 7NH 931214225519899999999999999 346 911618 1999999999999999
188165136109 92 89102128158185200199181149111 74 48 38 45 6910414117319123 7 8NH1026202234019599999999999999 439 8817 4 3899999999999999
194181157129104 88 86 99122149172185184169143112 84 65 60 69 9212215317723 7 9NH1126187999999999999999999999 538 851752 5999999999999999
190189175151124100 85 82 92112136157169170160141118 97 84 82 9111013516023 710NH 026192123517199999999999999 642 821843 8199999999999999
179188185170147120 97 81 77 8410012114115516015614312711210210010712314323 711NH 11518914 016099999999999999 753 76194310099999999999999
164179186182167144117 93 75 68 73 8810813014715615715013812611611311712923 712NH 2 9186153515899999999999999 9 5 68205711399999999999999
147165179186181166141113 86 67 58 62 77 9912414515916315914813512411812123 713NH 3 61861659163999999999999991011 58221311899999999999999
132148166181187182164138107 78 56 47 53 71 9712515016617116615413812511823 714NH 4 418717591719999999999999911 8 47231611899999999999999
120132150170185190183162131 97 66 45 38 47 7010113315917517817015413512123 715NH 4561901845179999999999999991155 38999999999999999999999
114119134155176191194182156122 84 53 34 32 47 7611114517118318116814712723 716NH 543194192218499999999999999 0 51141237 3199999999999999
113110119138163185198196179147108 70 40 27 32 54 8812615918118717916013723 717NH 625199195418899999999999999 0461101314 2699999999999999
117106108123147173194203195171134 93 56 31 25 38 6710514417318818717114823 718NH 7 3203202418999999999999999 1211061349 2499999999999999
124107102110131158184202204189158118 77 44 27 30 51 8612516118419018116023 719NH 738205205319099999999999999 1531021422 2699999999999999
134112100101116141169193205200177142101 64 38 30 42 7010814617519018717123 720NH 813205212119199999999999999 225 981454 3099999999999999
146121102 96104124151178197202190162125 87 55 39 40 60 9313116418519018023 721NH 847202214919199999999999999 257 961524 3799999999999999
158132109 96 95109132159182195193175146110 77 54 47 57 8211615117719018723 722NH 922196221719199999999999999 331 941554 4799999999999999
170146120101 93 97114138162181188181160131100 74 60 61 7710513816618519023 723NH10 0188224819099999999999999 4 8 921625 5899999999999999
180159134111 96 91 99117139161174177167147121 96 78 72 79 9812515417618723 724NH1042178232118899999999999999 450 911659 7299999999999999
185171149125105 92 91 99116136154165166156139119100 89 87 9711614016318023 725NH1135167999999999999999999999 539 901737 8699999999999999
186180164142119100 89 88 9611112814415515715113912411010310311212914916823 726NH 0 0186124615799999999999999 638 87182710299999999999999
180183176159138115 96 84 81 8710011713414715315314513512411611612213515223 727NH 047183142315499999999999999 750 81193811599999999999999
168179182175159137113 91 75 69 73 8510412514315616015714813712712212613623 728NH 14718216 416099999999999999 9 8 6921 712299999999999999
152169181186180163139110 83 63 53 55 70 9312014516417317116114613112312323 729NH 2571861719173999999999999991019 52222712299999999999999
134151171187194189170141107 73 47 34 37 56 8512015317718718416914812911723 730NH 4 61941814187999999999999991119 34233011699999999999999
117130152177197207201178143101 61 31 17 23 47 8412716519120019217114512123 731NH 5 820719 1200999999999999991213 16999999999999999999999
108110127155185210220212184141 93 48 16  4 15 46 9113817920420819416613523 8 1NH 6 4220194320999999999999999 02310713 2  499999999999999
109 97103126160195222231218185136 83 37  6 -1 16 5410415419421321118915623 8 2NH 656231202321599999999999999 111 961348 -299999999999999
121 95 86 97126165204230236218180128 75 30  5  4 28 7212317220621820817923 8 3NH 74623721 221899999999999999 157 861431  199999999999999
142106 83 78 95128170208231233211170119 69 30 13 20 50 9514518821321619823 8 4NH 835235213921899999999999999 243 781513 1299999999999999
165127 93 74 74 95130171205224221198158111 68 39 31 45 7712116519921420923 8 5NH 923226221521599999999999999 328 711553 3199999999999999
185150113 83 69 73 96130167196210204181146107 74 56 56 7410614417920320923 8 6NH1013210225120999999999999999 416 681631 5399999999999999
198171137103 78 68 75 97127158181191184165137109 87 78 8310213016118620023 8 7NH11 6191232820299999999999999 5 6 6817 9 7899999999999999
200185159128 99 79 71 78 9612114516417116715413511710410110812414616818523 8 8NH12 8171999999999999999999999 6 2 71174910199999999999999
193189174151124 99 82 74 78 9211113114615515615013912912212112613715216723 8 9NH 010193133515699999999999999 7 9 74184212199999999999999
179184180167148124102 85 75 75 8410011713414615215314914313713413514115023 810NH 1 4184153415399999999999999 829 74201613399999999999999
161171177176166149127105 85 72 69 75 8910812814615716216015314513713413623 811NH 220177171016299999999999999 951 6922 813499999999999999
144155167175177169153130104 80 65 60 66 8310613115316717216815814413312723 812NH 34117718 2172999999999999991056 59231912699999999999999
128138152168180183175155128 97 71 54 50 61 8311214216517918017115413612223 813NH 4471841837181999999999999991145 50999999999999999999999
117121136156176190191179153120 85 58 43 44 62 9112615718018818316614412323 814NH 53719219 618899999999999999 0 31171225 4199999999999999
110109120141166188200197177145106 70 44 35 45 7110714417519119217815412923 815NH 618201193219499999999999999 0381081259 3599999999999999
108100105124152180201208197169131 89 55 35 35 54 8812916519019818916613823 816NH 654208195619899999999999999 1 8 991330 3299999999999999
111 95 93108134166194211210190155112 72 43 33 44 7211215318520019717814923 817NH 727213202020199999999999999 136 921359 3399999999999999
119 95 86 93115147180205214204176136 94 58 39 40 61 9713917619920318916223 818NH 759214204420499999999999999 2 5 861427 3799999999999999
129101 83 82 98126160191209209191157117 79 52 44 56 8612516419320519817523 819NH 83121121 720599999999999999 234 801454 4499999999999999
143110 86 76 83106138170195206198173138101 71 55 58 7911415218420320318623 820NH 9 4206213120599999999999999 3 5 761520 5499999999999999
157124 94 77 75 89115147175193196182156123 92 72 66 7910513917219620419423 821NH 939197215720499999999999999 337 731547 6699999999999999
171139108 84 73 77 95122151174185182166141114 92 81 8410212915918419819723 822NH1018186222520099999999999999 412 721617 8099999999999999
181155124 97 79 73 81100125149166173169154134114100 9710412214617018719423 823NH11 5173225919499999999999999 453 731650 9699999999999999
187169143116 92 78 75 8310012014015516115814813512311511412213715517218423 824NH1211161234318699999999999999 545 75173311399999999999999
186178161138114 93 80 76 80 9310912714215115415114413613112913314215516823 825NH14 0154999999999999999999999 658 76184812999999999999999
177180174161141119 98 81 72 71 79 9411213114715816115915214413713513914923 826NH 05018016 316199999999999999 835 70205113599999999999999
161172179179169151127102 78 62 56 61 7610012615116917717416415013612812923 827NH 22718017161779999999999999910 3 56222612899999999999999
139155172186191184165136102 71 47 37 43 63 9413016318519318716914712611423 828NH 35619118 31939999999999999911 9 37232711399999999999999
115129152178199208201177141 99 59 31 20 30 58 9914218020220619216613510923 829NH 5 420818422079999999999999912 2 20999999999999999999999
 96101122154189215225215185140 90 46 17 10 27 6411316119921721318915311623 830NH 6 1225191821899999999999999 015 961248 1099999999999999
 89 79 90120160201229237222184133 80 36 11 11 37 8113518321622521117713423 831NH 651238195322599999999999999 059 791329  799999999999999
 95 69 65 84122168210237241219176123 71 31 15 24 5810716020322622520015923 9 1NH 738242202622999999999999999 141 6314 9 1499999999999999
113 74 54 57 83126174214236234207163112 66 36 30 48 8713618321622821518223 9 2NH 824238205822899999999999999 222 521445 2999999999999999
137 93 59 46 56 87131176211226218190148105 69 51 54 7911816219922122019923 9 3NH 910226212922399999999999999 3 4 461520 4999999999999999
162118 78 52 46 61 94134173200208197171136103 79 72 8311014518020521520523 9 4NH 95520822 021599999999999999 346 461553 7299999999999999
179143104 72 53 53 70100134164183187176155130108 96 9711113516218720120223 9 5NH1044188223220399999999999999 431 511625 9599999999999999
188162129 98 73 61 63 7910312915116516716014613111911512013215016918318923 9 6NH114316723 718999999999999999 520 60165811599999999999999
185171150124 99 81 72 73 8410112013714815215114513813313213614315416417223 9 7NH1312152235817599999999999999 622 71174513299999999999999
175171161145126107 91 81 78 83 9510912413714615115114914614314214314715323 9 8NH1542151999999999999999999999 749 7820 114299999999999999
159163164159149133116 98 84 77 78 86 9911713414915816216015414613913513623 9 9NH 13816417 816299999999999999 927 76222113599999999999999
141150159165165157142121100 81 70 68 77 9511714015917017216615413912712123 910NH 3301661744173999999999999991038 68231612199999999999999
123133148163174176166147121 93 71 59 60 74 9812715417418217816414512511223 911NH 4401761811182999999999999991126 58235110899999999999999
108115132154175187186172145112 81 58 49 56 7911114417218818917615412910723 912NH 52818818341919999999999999912 3 49999999999999999999999
 96 99115140168190199192170135 98 65 46 45 62 9313116619019818816613610823 913NH 6 6199185719899999999999999 020 961234 4399999999999999
 89 85 96122154184204207191160120 80 52 41 50 7711615618720319917814711423 914NH 639208191920499999999999999 047 8413 3 4199999999999999
 87 74 80102135171200213207181143101 65 44 45 6510214418120420719116012323 915NH 711213194020899999999999999 113 741330 4299999999999999
 90 69 66 82113151187210214198165124 84 56 46 59 9013117120121220217413623 916NH 74321520 221299999999999999 140 651356 4699999999999999
 98 69 57 65 90127166197212207183146106 73 55 58 8111815919321120918715223 917NH 814213202421399999999999999 2 7 571421 5499999999999999
111 76 55 53 70103142177201207193164128 93 70 64 7810814618220621219716723 918NH 847207204721299999999999999 236 511447 6499999999999999
128 89 61 49 56 81115152182197195176147115 89 77 8110213416819520820218023 919NH 922199211220899999999999999 3 7 491514 7699999999999999
145107 74 54 50 64 91125156179187180160135110 94 9110212515418119820118823 920NH10 1187214020299999999999999 341 491543 9099999999999999
161127 93 67 55 57 73 9912815316917316514913011410610912214316518419318923 921NH1048173221319399999999999999 420 54161610699999999999999
172147117 89 69 61 65 7910012314315515915514613512612212613615116617818223 922NH1158159225818299999999999999 511 6117 112299999999999999
177162141117 94 78 69 69 78 9311112814215115415214614113713614014815816723 923NH14 3154999999999999999999999 627 68183613699999999999999
171170161146127106 87 74 67 69 79 9511413415016116416115414513713413614423 924NH 01717216 116499999999999999 817 6721 413499999999999999
155165171170160142119 95 73 59 55 63 8110613415917518117516114312711811923 925NH 222172165818199999999999999 951 55222611799999999999999
129147166181186179159130 97 67 46 39 49 74108145175193195182158131108 9623 926NH 3561861737196999999999999991054 392317 9599999999999999
 99117145174197206197172134 93 56 32 28 44 78121164196210204180145109 8323 927NH 5 22061811210999999999999991143 27999999999999999999999
 73 83110148186214222209177132 84 45 24 26 51 93143187215220203167123 8323 928NH 555222184422199999999999999 0 1 731226 2299999999999999
 57 53 72110156199227232213173124 75 39 25 36 70118168208227221191146 9723 929NH 642233191522899999999999999 041 5213 4 2599999999999999
 57 37 41 70115166208232231206163113 69 41 36 57 9714619222322921117112123 930NH 728235194623099999999999999 120 351341 3599999999999999
 72 37 25 38 74123173211228221192149104 69 51 57 851271722092272211921482310 1NH 812229201622899999999999999 159 251415 5199999999999999
 97 53 26 23 44 83131176206216204174136100 75 69 841141531902152202041702310 2NH 855216204522199999999999999 238 211448 6999999999999999
124 79 43 26 30 55 94137173195198183157127101 89 921101391711972102051832310 3NH 939199211421099999999999999 317 251519 8899999999999999
147107 69 43 35 44 691031381651791781651441241091051141321551771931961852310 4NH1025180214419699999999999999 358 35154910599999999999999
162130 97 69 52 49 60 811081341531621601511391271211221301441601731801782310 5NH1121162221718199999999999999 443 48162112099999999999999
166146122 97 77 66 64 72 881081261401481491461401351331341391461551611642310 6NH124515023 316499999999999999 539 63171113399999999999999
162153140122105 89 79 75 79 891021171301401471491481451421391381391421462310 7NH15 7149999999999999999999999 7 0 75195913899999999999999
150151149142130116101 88 80 78 84 951101271411521581571521441351291261272310 8NH 056151162715899999999999999 842 7822 712699999999999999
133142150153151141126107 90 77 72 77 901101311511641681641531381231131102310 9NH 3 815317 21689999999999999910 0 72225311099999999999999
115127142156164162151130106 84 69 64 72 92118144166177177165146124105 95231010NH 4201651728178999999999999991051 642325 9499999999999999
 96109129151170178173155128 98 73 59 59 75102134163182187178157129103 85231011NH 5 81781751188999999999999991128 572352 7999999999999999
 79 89110139166185189177151118 85 61 53 62 86121156183195191170139106 79231012NH 54618918131969999999999999912 0 53999999999999999999999
 66 69 89120154183198195174141104 72 53 54 73107146179199201184152114 80231013NH 620199183520399999999999999 019 651229 5199999999999999
 57 52 66 97135172197205193164126 89 62 53 65 94133172199208196167127 86231014NH 653205185620899999999999999 045 511256 5399999999999999
 55 40 46 72110152187205204183149110 77 59 62 84120160193210206182143 99231015NH 726207191921299999999999999 112 401323 5899999999999999
 60 35 32 49 84127167196206196168132 97 72 65 78108147183207212195160116231016NH 759206194321399999999999999 141 301350 6599999999999999
 73 40 25 32 59 98141177198199182152118 90 75 79100133169198210203176136231017NH 83420120 921199999999999999 211 251419 7499999999999999
 92 53 29 24 40 72112151180192187167138110 91 86 97122154183202204188155231018NH 911193203720699999999999999 243 231448 8599999999999999
115 74 43 28 31 52 84121153175181173153130110 99101116140166188197191170231019NH 95418121 819899999999999999 319 271521 9899999999999999
137100 67 43 35 42 63 92122148164168160146129116111116130149169183186177231020NH1048168214718699999999999999 4 2 3516 011199999999999999
156127 96 69 52 46 52 69 92117138152157154146135127124127136149162171173231021NH12 6157224117399999999999999 457 4617 112499999999999999
165149127102 80 64 57 59 69 87107127142152156153146138132130132139148157231022NH14 1156999999999999999999999 617 5619 313099999999999999
162160151136116 95 76 64 59 64 77 97119140156165165157145132122118121131231023NH 017162152916699999999999999 8 0 5921 211899999999999999
144156163162151133109 85 65 54 55 68 91119147169179178164144121104 96100231024NH 222164162118099999999999999 926 532210 9699999999999999
115136158174178169148119 87 61 47 47 64 93129162186194186163132101 79 71231025NH 3501781659194999999999999991028 452259 7199999999999999
 80103135166188195184158122 85 56 41 46 69106147182203204185152111 75 52231026NH 4531951733206999999999999991117 402341 4799999999999999
 48 65 98139177202207192160120 80 51 41 53 84126169202215206176132 85 47231027NH 54620818 6216999999999999991159 41999999999999999999999
 27 31 58100148188212213192156113 75 51 49 69106150191216219198157107 58231028NH 633215183722199999999999999 021 261237 4799999999999999
 23 11 24 60108157196215210185147106 73 58 64 91131173207221212181133 81231029NH 71821619 822199999999999999 059 111313 5799999999999999
 36  8  5 27 68118165198210200172135100 76 70 85115154190213216197158109231030NH 8 1210193821899999999999999 137  31347 7099999999999999
 60 22  4 10 38 81128169194199184157125 98 84 87106137170198210203176135231031NH 84419920 921099999999999999 215  31420 8399999999999999
 88 46 18  9 22 53 94135168184183168143118101 951041251521781961981841542311 1NH 926186203919999999999999999 253  91452 9599999999999999
115 75 42 23 23 39 691051381621721671531341171071081191381591771861811642311 2NH1010172211118699999999999999 332 21152510699999999999999
136102 70 47 36 39 57 831121371531591541431301201151191291431581681711642311 3NH11 1159214717199999999999999 414 3516 311599999999999999
147124 97 74 57 51 55 70 911131321441491471401321261231251311401491551552311 4NH12 7149223515699999999999999 5 4 5117 212399999999999999
149137119100 82 70 64 67 78 941111271391451461431371311271251271311361412311 5NH1341146999999999999999999999 6 8 6419 512599999999999999
143141134122108 93 81 73 73 80 931091251391481511491431341251181151171222311 6NH 0 514315 615199999999999999 732 7221 811599999999999999
130137140138131117102 87 77 74 79 91109128145156160155145130115104 991022311 7NH 212140155616099999999999999 853 7422 8 9999999999999999
111125138147148140126106 88 75 71 77 93115138157168168158139118 98 85 822311 8NH 339148163016999999999999999 954 712246 8299999999999999
 90106127146158159149129105 84 70 68 79101128154172179171152126 98 76 652311 9NH 4361601658179999999999999991039 672318 6599999999999999
 68 84109137159171168152127 99 77 65 69 87115146172186184167138104 73 53231110NH 5201711723187999999999999991117 652347 4899999999999999
 48 60 86119151173181173150120 91 70 64 76102135167189195182153115 77 47231111NH 5591811748195999999999999991150 64999999999999999999999
 32 37 60 95133166186187171143110 82 67 69 90122158186200195170132 88 49231112NH 635189181420199999999999999 016 321222 6699999999999999
 24 18 34 66108149180193187164132100 76 69 81108144178200204187152107 61231113NH 711193184120599999999999999 046 181253 6999999999999999
 26  9 13 38 78123162187194181154121 92 76 78 97129164193206199172130 82231114NH 748194191020799999999999999 118  81325 7499999999999999
 39 10  2 16 49 92135170189188170142112 89 81 91115147179200204188154109231115NH 827191194220599999999999999 152  21358 8199999999999999
 63 25  4  4 25 61103143172184178159132107 92 91105131160186200195173136231116NH 910184201720099999999999999 229  21434 8999999999999999
 92 51 20  7 13 37 72111145168175167149127108 99102117141166185192183158231117NH 958175205719299999999999999 311  71515 9899999999999999
123 84 49 25 16 25 48 79113142160166159144127113107111124143163177180170231118NH1055166214518199999999999999 359 1616 710799999999999999
148117 84 55 35 29 37 56 83112137153159156145131119113114123137153164167231119NH12 6159224916799999999999999 457 29172111299999999999999
160143118 91 66 49 42 46 61 83109132150159158150137124113110113123137149231120NH1327160999999999999999999999 6 8 4119 111099999999999999
156155145126103 81 62 52 52 63 83107132152164165157141123106 97 96104119231121NH 022157143716699999999999999 729 502034 9599999999999999
136150156152138118 94 73 59 55 64 84110138161174174162140114 91 77 74 84231122NH 2 8156153117699999999999999 847 552142 7399999999999999
104128149162163152130104 79 62 57 67 89119150174186181162132 99 70 53 51231123NH 335164161418699999999999999 951 572235 5099999999999999
 66 93125153171174163139110 82 64 60 73 99133165188195183155117 77 45 29231124NH 4431751653195999999999999991045 602320 2899999999999999
 32 54 89128161181183169142111 83 66 66 83114150181200199178141 96 53 22231125NH 5391841729202999999999999991131 64999999999999999999999
 10 21 50 92135169188187169140108 82 70 75 97131166194205196166122 74 31231126NH 62819018 420599999999999999 0 2 101212 6999999999999999
  4 -1 18 54100144177191186164134103 82 76 87114148180201204186149101 53231127NH 713192183820699999999999999 042 -21251 7599999999999999
 14 -5 -2 24 65111153180189179155125 99 84 84101130162189202196170129 81231128NH 756189191220399999999999999 121 -71327 8299999999999999
 36  5 -6  5 36 79123159179181167143116 96 88 95115143172192196182151109231129NH 837183194619799999999999999 159 -614 3 8899999999999999
 64 26  4  1 19 52 93132161174171154131109 96 94105127152175188185166133231130NH 916175202018999999999999999 237  01437 9399999999999999
 93 54 24 10 15 36 70107139160166159142122106 981011151351561731791701492312 1NH 956166205617999999999999999 315  91513 9899999999999999
117 81 49 28 22 31 54 851171421561571481331171061021071211381551651661552312 2NH1037158213416799999999999999 354 21155410299999999999999
134105 76 51 37 36 48 70 971231421511501411281161071061111221351481541532312 3NH1124152221915599999999999999 435 35164510599999999999999
142123100 76 58 49 50 62 821051261411481471391281171091071101171271371422312 4NH1219149232014299999999999999 522 48175810799999999999999
141132118100 81 67 60 62 73 901101281421481471401291181081031031081161252312 5NH1321149999999999999999999999 617 60193110299999999999999
131133129119105 90 77 70 71 80 96114132145152151143130115102 93 90 941032312 6NH 050133142115399999999999999 723 692054 9099999999999999
115125132132125113 98 84 76 76 84100119138152159156144127107 89 77 74 802312 7NH 231133151115999999999999999 832 752152 7499999999999999
 93109125136140134121104 89 79 78 88106127148162166159141117 92 70 58 572312 8NH 351140155216699999999999999 934 772235 5699999999999999
 68 87111132146150143127107 89 79 80 93114139161173172158133101 71 48 382312 9NH 4501501627174999999999999991025 782312 3799999999999999
 42 60 88118143159160149129106 87 78 83100126153174182174152118 80 47 25231210NH 53816117 1182999999999999991110 782348 2099999999999999
 20 32 59 94129157170168151127101 83 78 88112141169186188172140 99 57 24231211NH 6211711736190999999999999991150 78999999999999999999999
  6  8 29 64105142169178170149121 96 81 81 97125157183195189164124 78 35231212NH 7 2178181119699999999999999 024  41229 7999999999999999
  4 -8  2 31 73117154177181168143114 91 80 86108139171194200186153108 59231213NH 743182184920099999999999999 1 2 -813 8 8099999999999999
 17 -9-14  4 39 83128162180179162135107 88 82 94119151181199199178140 93231214NH 826182193020199999999999999 143-141348 8299999999999999
 45  7-14-12 11 49 94136167179174154127102 87 86102128159186199193168128231215NH 911180201319999999999999999 226-161432 8599999999999999
 81 37  4-11 -4 22 61104142167175167146121 99 88 91107133162184193184157231216NH 95817521 019399999999999999 311-111519 8799999999999999
118 75 35  8 -1  9 35 72112145166170160141118 98 89 93108132157176182172231217NH1048171215318299999999999999 359 -11614 8999999999999999
147112 74 41 19 13 24 50 84119147164166156137116 98 89 91104125147163169231218NH1141167225516999999999999999 450 131719 8899999999999999
161140111 79 52 34 30 41 64 94124149163165154136115 96 85 84 94112132148231219NH1237165999999999999999999999 546 301833 8399999999999999
155151137114 89 66 51 48 57 76102129151164165155136113 91 77 73 79 95115231220NH 010155133516699999999999999 647 471953 7399999999999999
133144146138121101 81 67 63 69 86110135156168168156134108 83 64 57 62 77231221NH 141147143116999999999999999 755 6321 6 5799999999999999
 99121138146143131114 95 81 74 79 94116141161173171157131100 70 48 39 44231222NH 315146152417499999999999999 9 6 742210 3999999999999999
 61 87115137150151141124105 89 81 85100123148168178174155124 88 55 31 21231223NH 4351521613179999999999999991012 8123 3 2199999999999999
 29 51 82115142158160149131109 92 84 89106130156176183174150114 74 38 14231224NH 53916116581839999999999999911 9 842350  799999999999999
  8 20 48 84121150166166153131109 91 85 93112139165183186171141100 57 21231225NH 6311681741187999999999999991158 85999999999999999999999
  1  0 19 52 93131159171168150127103 88 86 97120148173187185164128 84 40231226NH 715172182218999999999999999 033 -21241 8599999999999999
  8 -7 -1 25 63106142166173164143118 96 85 87104130158180189180152112 67231227NH 75417319 018999999999999999 112 -71319 8499999999999999
 26 -1 -8  6 37 79120153170170155132107 89 83 92112140167184186170137 95231228NH 830172193718899999999999999 150 -81354 8399999999999999
 51 16 -3 -2 19 55 96134160169162143119 97 84 84 98122149173184179156120231229NH 9 3169201218499999999999999 226 -51428 8399999999999999
 78 39 11  1 11 38 75114146163165152130107 89 82 88106131156174178167140231230NH 935166204817899999999999999 3 0  115 2 8299999999999999
104 65 32 14 12 29 59 95129153162157140118 98 85 83 93113136157169168152231231NH10 7162212417099999999999999 334 111538 8399999999999999
